0 -7e-10
0.005 -1.6176e-05
0.01 -4.8515e-05
0.015 -8.0832e-05
0.02 -0.00011313
0.025 -0.0001454
0.03 -0.00017765
0.035 -0.00020989
0.04 -0.0002421
0.045 -0.00027429
0.05 -0.00030646
0.055 -0.00033862
0.06 -0.00037076
0.065 -0.00040289
0.07 -0.000435
0.075 -0.00046709
0.08 -0.00049914
0.085 -0.00053116
0.09 -0.0005632
0.095 -0.00059525
0.1 -0.0006273
0.105 -0.00065932
0.11 -0.00069133
0.115 -0.00072342
0.12 -0.00075562
0.125 -0.00078788
0.13 -0.00082013
0.135 -0.00085226
0.14 -0.00088417
0.145 -0.00091585
0.15 -0.00094738
0.155 -0.00097902
0.16 -0.0010109
0.165 -0.0010429
0.17 -0.0010748
0.175 -0.0011065
0.18 -0.0011382
0.185 -0.00117
0.19 -0.0012017
0.195 -0.0012329
0.2 -0.0012633
0.205 -0.0012939
0.21 -0.0013261
0.215 -0.0013598
0.22 -0.001394
0.225 -0.0014278
0.23 -0.0014602
0.235 -0.0014908
0.24 -0.0015199
0.245 -0.0015485
0.25 -0.001578
0.255 -0.0016102
0.26 -0.0016453
0.265 -0.0016817
0.27 -0.0017178
0.275 -0.0017526
0.28 -0.0017854
0.285 -0.0018155
0.29 -0.001844
0.295 -0.0018728
0.3 -0.0019023
0.305 -0.0019311
0.31 -0.0019576
0.315 -0.0019819
0.32 -0.0020056
0.325 -0.0020304
0.33 -0.0020577
0.335 -0.0020883
0.34 -0.0021209
0.345 -0.0021532
0.35 -0.0021844
0.355 -0.0022155
0.36 -0.0022472
0.365 -0.0022796
0.37 -0.0023119
0.375 -0.002344
0.38 -0.002376
0.385 -0.0024079
0.39 -0.00244
0.395 -0.0024722
0.4 -0.0025041
0.405 -0.002536
0.41 -0.0025683
0.415 -0.0026045
0.42 -0.0026478
0.425 -0.0026962
0.43 -0.0027438
0.435 -0.0027854
0.44 -0.0028192
0.445 -0.0028491
0.45 -0.0028813
0.455 -0.0029209
0.46 -0.0029728
0.465 -0.0030378
0.47 -0.0031118
0.475 -0.003192
0.48 -0.0032757
0.485 -0.0033547
0.49 -0.0034183
0.495 -0.0034636
0.5 -0.0034949
0.505 -0.0035167
0.51 -0.0035361
0.515 -0.003566
0.52 -0.0036138
0.525 -0.0036719
0.53 -0.0037264
0.535 -0.0037668
0.54 -0.0037868
0.545 -0.0037867
0.55 -0.0037818
0.555 -0.0037968
0.56 -0.0038455
0.565 -0.0039215
0.57 -0.0040069
0.575 -0.0040877
0.58 -0.004163
0.585 -0.0042353
0.59 -0.0043019
0.595 -0.0043595
0.6 -0.004405
0.605 -0.00444
0.61 -0.0044774
0.615 -0.0045304
0.62 -0.0045937
0.625 -0.0046458
0.63 -0.0046762
0.635 -0.0046979
0.64 -0.0047237
0.645 -0.0047447
0.65 -0.0047496
0.655 -0.0047447
0.66 -0.0047422
0.665 -0.0047449
0.67 -0.0047522
0.675 -0.0047707
0.68 -0.0048082
0.685 -0.0048699
0.69 -0.0049567
0.695 -0.005051
0.7 -0.005129
0.705 -0.0051873
0.71 -0.0052359
0.715 -0.0052833
0.72 -0.0053411
0.725 -0.005415
0.73 -0.0055009
0.735 -0.0055999
0.74 -0.0057045
0.745 -0.0057848
0.75 -0.0058115
0.755 -0.0057709
0.76 -0.0056672
0.765 -0.0055327
0.77 -0.0054219
0.775 -0.0053884
0.78 -0.0054645
0.785 -0.0056408
0.79 -0.0058698
0.795 -0.0060855
0.8 -0.0062297
0.805 -0.0062789
0.81 -0.0062409
0.815 -0.0061459
0.82 -0.0060443
0.825 -0.0059855
0.83 -0.005991
0.835 -0.0060481
0.84 -0.0061271
0.845 -0.0061976
0.85 -0.006242
0.855 -0.0062667
0.86 -0.0062921
0.865 -0.0063273
0.87 -0.0063525
0.875 -0.006333
0.88 -0.0062691
0.885 -0.0062179
0.89 -0.0062504
0.895 -0.0064009
0.9 -0.0066442
0.905 -0.0069135
0.91 -0.0071456
0.915 -0.0073093
0.92 -0.0073893
0.925 -0.0073517
0.93 -0.00716
0.935 -0.0068302
0.94 -0.0064531
0.945 -0.0061557
0.95 -0.0060256
0.955 -0.00607
0.96 -0.0062346
0.965 -0.0064587
0.97 -0.0067124
0.975 -0.0069833
0.98 -0.0072615
0.985 -0.0075267
0.99 -0.00775
0.995 -0.0079062
1 -0.007985
1.005 -0.0080174
1.01 -0.0080722
1.015 -0.0082157
1.02 -0.0084749
1.025 -0.008798
1.03 -0.0090622
1.035 -0.0091592
1.04 -0.0090707
1.045 -0.008857
1.05 -0.0086128
1.055 -0.0084355
1.06 -0.008383
1.065 -0.0084656
1.07 -0.0086812
1.075 -0.0090107
1.08 -0.0094025
1.085 -0.0098006
1.09 -0.010171
1.095 -0.010495
1.1 -0.010739
1.105 -0.010856
1.11 -0.010825
1.115 -0.010661
1.12 -0.010426
1.125 -0.010241
1.13 -0.010235
1.135 -0.010437
1.14 -0.010775
1.145 -0.011132
1.15 -0.011412
1.155 -0.01159
1.16 -0.011694
1.165 -0.011744
1.17 -0.011727
1.175 -0.011626
1.18 -0.011439
1.185 -0.011188
1.19 -0.010897
1.195 -0.010587
1.2 -0.010299
1.205 -0.010094
1.21 -0.01002
1.215 -0.010087
1.22 -0.010254
1.225 -0.010441
1.23 -0.010542
1.235 -0.010479
1.24 -0.010252
1.245 -0.0099615
1.25 -0.0097713
1.255 -0.0098105
1.26 -0.010088
1.265 -0.010516
1.27 -0.01098
1.275 -0.011365
1.28 -0.01158
1.285 -0.01162
1.29 -0.011546
1.295 -0.011409
1.3 -0.01125
1.305 -0.011125
1.31 -0.011087
1.315 -0.011127
1.32 -0.011174
1.325 -0.011141
1.33 -0.010955
1.335 -0.010601
1.34 -0.010121
1.345 -0.0095719
1.35 -0.0089706
1.355 -0.008313
1.36 -0.0076184
1.365 -0.0069298
1.37 -0.0063265
1.375 -0.0059343
1.38 -0.0058719
1.385 -0.0061505
1.39 -0.006636
1.395 -0.0071179
1.4 -0.0074249
1.405 -0.0074984
1.41 -0.0073813
1.415 -0.0072017
1.42 -0.0071245
1.425 -0.0072584
1.43 -0.0076383
1.435 -0.0082532
1.44 -0.0090441
1.445 -0.0099139
1.45 -0.010745
1.455 -0.011435
1.46 -0.011932
1.465 -0.012251
1.47 -0.01245
1.475 -0.012584
1.48 -0.01267
1.485 -0.012674
1.49 -0.012585
1.495 -0.012473
1.5 -0.012444
1.505 -0.012562
1.51 -0.012792
1.515 -0.01299
1.52 -0.013002
1.525 -0.0128
1.53 -0.012503
1.535 -0.012331
1.54 -0.012489
1.545 -0.013047
1.55 -0.013928
1.555 -0.01498
1.56 -0.016027
1.565 -0.01688
1.57 -0.017374
1.575 -0.017463
1.58 -0.017296
1.585 -0.017191
1.59 -0.017443
1.595 -0.01813
1.6 -0.01909
1.605 -0.020014
1.61 -0.020584
1.615 -0.020611
1.62 -0.020121
1.625 -0.019324
1.63 -0.018458
1.635 -0.017686
1.64 -0.017033
1.645 -0.016445
1.65 -0.015948
1.655 -0.015661
1.66 -0.01565
1.665 -0.015843
1.67 -0.01608
1.675 -0.016205
1.68 -0.016169
1.685 -0.016041
1.69 -0.015894
1.695 -0.015675
1.7 -0.015252
1.705 -0.014559
1.71 -0.01372
1.715 -0.01302
1.72 -0.01271
1.725 -0.012831
1.73 -0.013299
1.735 -0.014051
1.74 -0.015083
1.745 -0.016399
1.75 -0.01793
1.755 -0.019497
1.76 -0.020859
1.765 -0.021799
1.77 -0.022212
1.775 -0.022171
1.78 -0.021883
1.785 -0.021516
1.79 -0.021118
1.795 -0.020671
1.8 -0.020127
1.805 -0.019447
1.81 -0.018609
1.815 -0.01759
1.82 -0.016409
1.825 -0.015239
1.83 -0.014393
1.835 -0.014128
1.84 -0.014465
1.845 -0.015139
1.85 -0.015716
1.855 -0.015894
1.86 -0.015706
1.865 -0.015454
1.87 -0.015428
1.875 -0.015689
1.88 -0.016076
1.885 -0.01639
1.89 -0.016559
1.895 -0.016662
1.9 -0.016844
1.905 -0.017213
1.91 -0.017802
1.915 -0.0186
1.92 -0.019551
1.925 -0.020512
1.93 -0.021262
1.935 -0.02159
1.94 -0.021402
1.945 -0.020831
1.95 -0.020197
1.955 -0.019835
1.96 -0.019912
1.965 -0.0204
1.97 -0.021188
1.975 -0.022124
1.98 -0.023001
1.985 -0.023569
1.99 -0.023669
1.995 -0.023365
2 -0.022912
2.005 -0.022592
2.01 -0.022574
2.015 -0.022865
2.02 -0.023339
2.025 -0.02381
2.03 -0.024089
2.035 -0.02404
2.04 -0.023676
2.045 -0.02312
2.05 -0.02244
2.055 -0.021605
2.06 -0.020559
2.065 -0.019327
2.07 -0.018027
2.075 -0.016762
2.08 -0.015583
2.085 -0.014535
2.09 -0.013684
2.095 -0.013115
2.1 -0.012888
2.105 -0.012926
2.11 -0.013021
2.115 -0.013006
2.12 -0.012906
2.125 -0.012926
2.13 -0.013276
2.135 -0.013985
2.14 -0.014865
2.145 -0.015589
2.15 -0.015887
2.155 -0.01575
2.16 -0.015469
2.165 -0.015505
2.17 -0.016203
2.175 -0.017582
2.18 -0.019406
2.185 -0.021344
2.19 -0.023088
2.195 -0.024462
2.2 -0.025435
2.205 -0.026031
2.21 -0.026262
2.215 -0.026158
2.22 -0.0258
2.225 -0.02528
2.23 -0.024638
2.235 -0.023875
2.24 -0.023057
2.245 -0.022333
2.25 -0.021823
2.255 -0.02156
2.26 -0.021526
2.265 -0.021679
2.27 -0.021968
2.275 -0.022294
2.28 -0.022523
2.285 -0.02259
2.29 -0.022582
2.295 -0.022705
2.3 -0.02314
2.305 -0.023908
2.31 -0.024802
2.315 -0.025426
2.32 -0.025459
2.325 -0.024868
2.33 -0.023864
2.335 -0.022796
2.34 -0.021987
2.345 -0.021526
2.35 -0.021276
2.355 -0.021019
2.36 -0.020562
2.365 -0.019798
2.37 -0.018708
2.375 -0.017388
2.38 -0.016073
2.385 -0.015037
2.39 -0.014429
2.395 -0.014223
2.4 -0.014253
2.405 -0.014285
2.41 -0.014142
2.415 -0.013801
2.42 -0.013361
2.425 -0.012929
2.43 -0.012568
2.435 -0.01228
2.44 -0.012006
2.445 -0.011695
2.45 -0.011361
2.455 -0.011069
2.46 -0.010928
2.465 -0.011026
2.47 -0.011327
2.475 -0.011658
2.48 -0.011839
2.485 -0.011862
2.49 -0.011926
2.495 -0.012322
2.5 -0.013283
2.505 -0.014869
2.51 -0.0169
2.515 -0.019029
2.52 -0.020928
2.525 -0.022412
2.53 -0.023462
2.535 -0.024212
2.54 -0.024917
2.545 -0.025813
2.55 -0.027003
2.555 -0.028505
2.56 -0.030329
2.565 -0.032404
2.57 -0.034474
2.575 -0.036182
2.58 -0.037295
2.585 -0.037803
2.59 -0.037849
2.595 -0.037645
2.6 -0.037384
2.605 -0.037122
2.61 -0.036791
2.615 -0.03637
2.62 -0.035974
2.625 -0.035786
2.63 -0.035906
2.635 -0.036259
2.64 -0.036637
2.645 -0.036861
2.65 -0.036951
2.655 -0.037128
2.66 -0.037546
2.665 -0.038093
2.67 -0.038506
2.675 -0.038669
2.68 -0.038761
2.685 -0.039089
2.69 -0.039816
2.695 -0.040853
2.7 -0.041934
2.705 -0.042792
2.71 -0.043335
2.715 -0.043668
2.72 -0.043962
2.725 -0.044337
2.73 -0.044828
2.735 -0.04542
2.74 -0.046102
2.745 -0.046873
2.75 -0.047668
2.755 -0.048324
2.76 -0.048614
2.765 -0.048347
2.77 -0.047465
2.775 -0.046096
2.78 -0.044533
2.785 -0.043101
2.79 -0.041969
2.795 -0.041091
2.8 -0.040314
2.805 -0.039566
2.81 -0.038993
2.815 -0.038855
2.82 -0.039263
2.825 -0.040107
2.83 -0.041168
2.835 -0.042242
2.84 -0.043222
2.845 -0.044097
2.85 -0.044921
2.855 -0.045752
2.86 -0.046515
2.865 -0.046976
2.87 -0.046879
2.875 -0.046135
2.88 -0.044895
2.885 -0.043428
2.89 -0.041994
2.895 -0.040813
2.9 -0.040022
2.905 -0.03962
2.91 -0.039529
2.915 -0.039715
2.92 -0.04022
2.925 -0.041079
2.93 -0.042242
2.935 -0.043601
2.94 -0.045026
2.945 -0.046353
2.95 -0.047358
2.955 -0.047858
2.96 -0.047886
2.965 -0.047688
2.97 -0.047527
2.975 -0.047513
2.98 -0.047588
2.985 -0.047633
2.99 -0.047564
2.995 -0.047408
3 -0.047258
3.005 -0.047141
3.01 -0.046989
3.015 -0.046766
3.02 -0.046559
3.025 -0.04648
3.03 -0.046484
3.035 -0.046328
3.04 -0.045718
3.045 -0.044522
3.05 -0.042838
3.055 -0.040897
3.06 -0.038955
3.065 -0.037215
3.07 -0.035726
3.075 -0.034376
3.08 -0.033027
3.085 -0.031635
3.09 -0.030254
3.095 -0.028986
3.1 -0.027956
3.105 -0.02726
3.11 -0.026852
3.115 -0.026566
3.12 -0.02625
3.125 -0.025794
3.13 -0.025073
3.135 -0.023899
3.14 -0.022081
3.145 -0.01957
3.15 -0.016554
3.155 -0.013396
3.16 -0.010475
3.165 -0.0080262
3.17 -0.0060425
3.175 -0.0043241
3.18 -0.0026021
3.185 -0.00066174
3.19 0.0015575
3.195 0.0039331
3.2 0.0062258
3.205 0.0082116
3.21 0.0097765
3.215 0.010917
3.22 0.011675
3.225 0.012062
3.23 0.012126
3.235 0.012028
3.24 0.011977
3.245 0.012089
3.25 0.012336
3.255 0.012594
3.26 0.012721
3.265 0.012649
3.27 0.012427
3.275 0.012133
3.28 0.011768
3.285 0.011269
3.29 0.010601
3.295 0.0098001
3.3 0.0089701
3.305 0.0082384
3.31 0.0076894
3.315 0.0073549
3.32 0.007233
3.325 0.0073242
3.33 0.0077006
3.335 0.0085253
3.34 0.0099853
3.345 0.012161
3.35 0.014921
3.355 0.01799
3.36 0.02113
3.365 0.024298
3.37 0.027619
3.375 0.031206
3.38 0.035023
3.385 0.038899
3.39 0.042658
3.395 0.046169
3.4 0.049328
3.405 0.052039
3.41 0.054241
3.415 0.056005
3.42 0.057562
3.425 0.059241
3.43 0.061366
3.435 0.064164
3.44 0.067748
3.445 0.072104
3.45 0.077101
3.455 0.082534
3.46 0.088181
3.465 0.093863
3.47 0.099497
3.475 0.10506
3.48 0.11057
3.485 0.1161
3.49 0.12177
3.495 0.12765
3.5 0.13373
3.505 0.13992
3.51 0.14604
3.515 0.15194
3.52 0.15749
3.525 0.1626
3.53 0.16728
3.535 0.17158
3.54 0.1755
3.545 0.17901
3.55 0.18217
3.555 0.18503
3.56 0.18763
3.565 0.19007
3.57 0.19247
3.575 0.19495
3.58 0.19757
3.585 0.20032
3.59 0.20309
3.595 0.20572
3.6 0.20811
3.605 0.2102
3.61 0.21202
3.615 0.21352
3.62 0.21462
3.625 0.2152
3.63 0.2151
3.635 0.21412
3.64 0.21214
3.645 0.20917
3.65 0.20535
3.655 0.20104
3.66 0.19672
3.665 0.19276
3.67 0.18937
3.675 0.18662
3.68 0.18448
3.685 0.18284
3.69 0.18143
3.695 0.18
3.7 0.17843
3.705 0.17668
3.71 0.1748
3.715 0.17283
3.72 0.17087
3.725 0.16902
3.73 0.1674
3.735 0.16606
3.74 0.16501
3.745 0.16425
3.75 0.16387
3.755 0.16398
3.76 0.16464
3.765 0.16577
3.77 0.16727
3.775 0.16902
3.78 0.17104
3.785 0.17338
3.79 0.17618
3.795 0.17953
3.8 0.18351
3.805 0.18821
3.81 0.19366
3.815 0.19981
3.82 0.20654
3.825 0.21376
3.83 0.22136
3.835 0.22931
3.84 0.23756
3.845 0.24602
3.85 0.25454
3.855 0.263
3.86 0.27137
3.865 0.27966
3.87 0.28792
3.875 0.29623
3.88 0.30463
3.885 0.31302
3.89 0.32115
3.895 0.3287
3.9 0.33533
3.905 0.34072
3.91 0.34464
3.915 0.3469
3.92 0.34747
3.925 0.34656
3.93 0.34446
3.935 0.34143
3.94 0.33772
3.945 0.33349
3.95 0.32888
3.955 0.32391
3.96 0.31857
3.965 0.31286
3.97 0.30677
3.975 0.30023
3.98 0.29317
3.985 0.28557
3.99 0.27741
3.995 0.26863
4 0.25919
4.005 0.24903
4.01 0.23807
4.015 0.22615
4.02 0.2131
4.025 0.19877
4.03 0.18312
4.035 0.16631
4.04 0.1487
4.045 0.13067
4.05 0.11264
4.055 0.095043
4.06 0.078298
4.065 0.062551
4.07 0.047625
4.075 0.03318
4.08 0.018901
4.085 0.0045861
4.09 -0.0097995
4.095 -0.024107
4.1 -0.038012
4.105 -0.051068
4.11 -0.062775
4.115 -0.072552
4.12 -0.07979
4.125 -0.08419
4.13 -0.086151
4.135 -0.086675
4.14 -0.086757
4.145 -0.086916
4.15 -0.087304
4.155 -0.087977
4.16 -0.08894
4.165 -0.09014
4.17 -0.091523
4.175 -0.093094
4.18 -0.094957
4.185 -0.097291
4.19 -0.10023
4.195 -0.10381
4.2 -0.10794
4.205 -0.11241
4.21 -0.11693
4.215 -0.12119
4.22 -0.12505
4.225 -0.12846
4.23 -0.13144
4.235 -0.13402
4.24 -0.13624
4.245 -0.13802
4.25 -0.13916
4.255 -0.13943
4.26 -0.13879
4.265 -0.13728
4.27 -0.13494
4.275 -0.13176
4.28 -0.12761
4.285 -0.12235
4.29 -0.11589
4.295 -0.10823
4.3 -0.099369
4.305 -0.089455
4.31 -0.078723
4.315 -0.067446
4.32 -0.055892
4.325 -0.044297
4.33 -0.032855
4.335 -0.021761
4.34 -0.011251
4.345 -0.001599
4.35 0.0069148
4.355 0.014156
4.36 0.020178
4.365 0.025085
4.37 0.028955
4.375 0.031817
4.38 0.033643
4.385 0.034322
4.39 0.033664
4.395 0.031541
4.4 0.027955
4.405 0.022996
4.41 0.016796
4.415 0.0095162
4.42 0.0013385
4.425 -0.0075306
4.43 -0.016919
4.435 -0.026792
4.44 -0.037206
4.445 -0.04819
4.45 -0.059685
4.455 -0.071576
4.46 -0.083702
4.465 -0.095921
4.47 -0.10815
4.475 -0.12029
4.48 -0.1322
4.485 -0.14361
4.49 -0.15416
4.495 -0.16351
4.5 -0.17136
4.505 -0.17739
4.51 -0.18138
4.515 -0.1832
4.52 -0.18286
4.525 -0.18072
4.53 -0.17732
4.535 -0.17316
4.54 -0.16851
4.545 -0.16343
4.55 -0.15785
4.555 -0.15168
4.56 -0.14495
4.565 -0.13779
4.57 -0.13038
4.575 -0.12281
4.58 -0.11513
4.585 -0.1074
4.59 -0.099772
4.595 -0.092339
4.6 -0.085119
4.605 -0.078057
4.61 -0.071063
4.615 -0.064059
4.62 -0.056994
4.625 -0.049789
4.63 -0.042284
4.635 -0.034313
4.64 -0.025837
4.645 -0.016936
4.65 -0.0076792
4.655 0.0019478
4.66 0.011982
4.665 0.022396
4.67 0.03311
4.675 0.044072
4.68 0.055295
4.685 0.066804
4.69 0.078568
4.695 0.09045
4.7 0.1022
4.705 0.11354
4.71 0.12419
4.715 0.13392
4.72 0.14249
4.725 0.14965
4.73 0.15508
4.735 0.15854
4.74 0.15991
4.745 0.15912
4.75 0.15606
4.755 0.15093
4.76 0.14438
4.765 0.13719
4.77 0.12977
4.775 0.12218
4.78 0.11437
4.785 0.1063
4.79 0.097965
4.795 0.089408
4.8 0.080692
4.805 0.071842
4.81 0.062854
4.815 0.053749
4.82 0.044559
4.825 0.035259
4.83 0.025769
4.835 0.016015
4.84 0.0060207
4.845 -0.0040684
4.85 -0.01406
4.855 -0.023794
4.86 -0.033118
4.865 -0.04187
4.87 -0.049975
4.875 -0.057523
4.88 -0.064719
4.885 -0.071813
4.89 -0.079101
4.895 -0.086856
4.9 -0.09512
4.905 -0.10364
4.91 -0.11206
4.915 -0.12015
4.92 -0.12773
4.925 -0.13458
4.93 -0.14042
4.935 -0.1451
4.94 -0.14873
4.945 -0.15156
4.95 -0.1537
4.955 -0.15501
4.96 -0.15526
4.965 -0.15443
4.97 -0.15266
4.975 -0.15015
4.98 -0.14697
4.985 -0.14307
4.99 -0.13832
4.995 -0.13271
5 -0.12631
5.005 -0.11925
5.01 -0.11159
5.015 -0.10336
5.02 -0.09452
5.025 -0.085012
5.03 -0.074749
5.035 -0.063673
5.04 -0.051781
5.045 -0.039142
5.05 -0.025932
5.055 -0.012391
5.06 0.0012418
5.065 0.014748
5.07 0.027952
5.075 0.040667
5.08 0.052689
5.085 0.063811
5.09 0.073852
5.095 0.082759
5.1 0.090641
5.105 0.097683
5.11 0.10406
5.115 0.10985
5.12 0.11497
5.125 0.11922
5.13 0.12233
5.135 0.12422
5.14 0.12512
5.145 0.12539
5.15 0.12525
5.155 0.12473
5.16 0.12385
5.165 0.12275
5.17 0.12178
5.175 0.12118
5.18 0.12104
5.185 0.12126
5.19 0.12175
5.195 0.12249
5.2 0.12356
5.205 0.12498
5.21 0.12676
5.215 0.12889
5.22 0.13139
5.225 0.13429
5.23 0.13758
5.235 0.14119
5.24 0.14499
5.245 0.14881
5.25 0.15251
5.255 0.15599
5.26 0.15922
5.265 0.16216
5.27 0.1648
5.275 0.16721
5.28 0.16948
5.285 0.17161
5.29 0.17347
5.295 0.1749
5.3 0.17589
5.305 0.17654
5.31 0.17699
5.315 0.1774
5.32 0.178
5.325 0.179
5.33 0.18047
5.335 0.18237
5.34 0.18471
5.345 0.18746
5.35 0.19048
5.355 0.19349
5.36 0.1962
5.365 0.19837
5.37 0.19974
5.375 0.20009
5.38 0.19925
5.385 0.19731
5.39 0.19451
5.395 0.19102
5.4 0.18692
5.405 0.18234
5.41 0.17737
5.415 0.1721
5.42 0.16656
5.425 0.16079
5.43 0.15482
5.435 0.14868
5.44 0.14243
5.445 0.13613
5.45 0.12974
5.455 0.12318
5.46 0.11638
5.465 0.10935
5.47 0.10214
5.475 0.094731
5.48 0.087092
5.485 0.079194
5.49 0.071023
5.495 0.062556
5.5 0.05379
5.505 0.044715
5.51 0.035291
5.515 0.025478
5.52 0.01526
5.525 0.004634
5.53 -0.0063956
5.535 -0.01781
5.54 -0.029584
5.545 -0.041729
5.55 -0.054267
5.555 -0.067182
5.56 -0.080449
5.565 -0.09403
5.57 -0.10787
5.575 -0.12187
5.58 -0.13596
5.585 -0.15
5.59 -0.16383
5.595 -0.17733
5.6 -0.19045
5.605 -0.20316
5.61 -0.21549
5.615 -0.22754
5.62 -0.23942
5.625 -0.2512
5.63 -0.26279
5.635 -0.27399
5.64 -0.28443
5.645 -0.29366
5.65 -0.30134
5.655 -0.30728
5.66 -0.31138
5.665 -0.31371
5.67 -0.31439
5.675 -0.31362
5.68 -0.31171
5.685 -0.30893
5.69 -0.30532
5.695 -0.3008
5.7 -0.29532
5.705 -0.28883
5.71 -0.28135
5.715 -0.27295
5.72 -0.26376
5.725 -0.25384
5.73 -0.24312
5.735 -0.23155
5.74 -0.21919
5.745 -0.2063
5.75 -0.19321
5.755 -0.18012
5.76 -0.16717
5.765 -0.15453
5.77 -0.14238
5.775 -0.13082
5.78 -0.11987
5.785 -0.10952
5.79 -0.099917
5.795 -0.091369
5.8 -0.084262
5.805 -0.078833
5.81 -0.075086
5.815 -0.072913
5.82 -0.072159
5.825 -0.072584
5.83 -0.073867
5.835 -0.075666
5.84 -0.077632
5.845 -0.079434
5.85 -0.080824
5.855 -0.081702
5.86 -0.082073
5.865 -0.081971
5.87 -0.081416
5.875 -0.080449
5.88 -0.079176
5.885 -0.077719
5.89 -0.076173
5.895 -0.074633
5.9 -0.073189
5.905 -0.071868
5.91 -0.070604
5.915 -0.069293
5.92 -0.067812
5.925 -0.065981
5.93 -0.063589
5.935 -0.060474
5.94 -0.056643
5.945 -0.052346
5.95 -0.048054
5.955 -0.044317
5.96 -0.041572
5.965 -0.040086
5.97 -0.040029
5.975 -0.041497
5.98 -0.044344
5.985 -0.048136
5.99 -0.052416
5.995 -0.056961
6 -0.061763
6.005 -0.066836
6.01 -0.072085
6.015 -0.077337
6.02 -0.082409
6.025 -0.087124
6.03 -0.091267
6.035 -0.094622
6.04 -0.097092
6.045 -0.098817
6.05 -0.10017
6.055 -0.10155
6.06 -0.10325
6.065 -0.10542
6.07 -0.10816
6.075 -0.11153
6.08 -0.11565
6.085 -0.12054
6.09 -0.12619
6.095 -0.1325
6.1 -0.13922
6.105 -0.14601
6.11 -0.1526
6.115 -0.15883
6.12 -0.16456
6.125 -0.16953
6.13 -0.17349
6.135 -0.17625
6.14 -0.17774
6.145 -0.17795
6.15 -0.17692
6.155 -0.17473
6.16 -0.17156
6.165 -0.16758
6.17 -0.16293
6.175 -0.15764
6.18 -0.1518
6.185 -0.14554
6.19 -0.13908
6.195 -0.13263
6.2 -0.12625
6.205 -0.11993
6.21 -0.11369
6.215 -0.10754
6.22 -0.10155
6.225 -0.095747
6.23 -0.090107
6.235 -0.084559
6.24 -0.079018
6.245 -0.073403
6.25 -0.067626
6.255 -0.061653
6.26 -0.055586
6.265 -0.049667
6.27 -0.044141
6.275 -0.03916
6.28 -0.034817
6.285 -0.031229
6.29 -0.02851
6.295 -0.026656
6.3 -0.025513
6.305 -0.024924
6.31 -0.024848
6.315 -0.025331
6.32 -0.026378
6.325 -0.027867
6.33 -0.029625
6.335 -0.031506
6.34 -0.033349
6.345 -0.03494
6.35 -0.036029
6.355 -0.036398
6.36 -0.035934
6.365 -0.034634
6.37 -0.032591
6.375 -0.030015
6.38 -0.027158
6.385 -0.024177
6.39 -0.021126
6.395 -0.017972
6.4 -0.014615
6.405 -0.01094
6.41 -0.0069079
6.415 -0.0025689
6.42 0.0019932
6.425 0.0066657
6.43 0.011328
6.435 0.015895
6.44 0.020291
6.445 0.02441
6.45 0.028119
6.455 0.031329
6.46 0.034019
6.465 0.036213
6.47 0.038
6.475 0.039497
6.48 0.040812
6.485 0.042068
6.49 0.043395
6.495 0.044922
6.5 0.046763
6.505 0.048967
6.51 0.051495
6.515 0.054221
6.52 0.056942
6.525 0.0594
6.53 0.061377
6.535 0.062775
6.54 0.063599
6.545 0.063913
6.55 0.063824
6.555 0.063462
6.56 0.062986
6.565 0.062613
6.57 0.062543
6.575 0.062827
6.58 0.063413
6.585 0.064222
6.59 0.065116
6.595 0.065883
6.6 0.066294
6.605 0.066172
6.61 0.065424
6.615 0.064073
6.62 0.062272
6.625 0.060264
6.63 0.058343
6.635 0.056791
6.64 0.055789
6.645 0.055374
6.65 0.05549
6.655 0.056076
6.66 0.057058
6.665 0.058289
6.67 0.059575
6.675 0.060765
6.68 0.061812
6.685 0.062753
6.69 0.063611
6.695 0.064299
6.7 0.064675
6.705 0.064716
6.71 0.064608
6.715 0.064595
6.72 0.064753
6.725 0.064962
6.73 0.065059
6.735 0.064933
6.74 0.064513
6.745 0.063749
6.75 0.062608
6.755 0.06106
6.76 0.059106
6.765 0.056829
6.77 0.054353
6.775 0.051759
6.78 0.049061
6.785 0.046257
6.79 0.043373
6.795 0.04043
6.8 0.037373
6.805 0.0341
6.81 0.030558
6.815 0.026799
6.82 0.022907
6.825 0.018919
6.83 0.014897
6.835 0.010995
6.84 0.0073844
6.845 0.0041397
6.85 0.0012144
6.855 -0.0014623
6.86 -0.0039403
6.865 -0.0062502
6.87 -0.0084197
6.875 -0.010507
6.88 -0.012562
6.885 -0.01457
6.89 -0.016479
6.895 -0.018232
6.9 -0.019802
6.905 -0.02118
6.91 -0.022311
6.915 -0.023106
6.92 -0.023506
6.925 -0.023506
6.93 -0.023155
6.935 -0.022496
6.94 -0.021562
6.945 -0.020433
6.95 -0.019219
6.955 -0.018007
6.96 -0.016826
6.965 -0.015654
6.97 -0.014487
6.975 -0.013382
6.98 -0.012419
6.985 -0.01169
6.99 -0.011283
6.995 -0.011305
7 -0.011868
7.005 -0.013069
7.01 -0.014939
7.015 -0.017361
7.02 -0.020105
7.025 -0.022909
7.03 -0.025552
7.035 -0.027914
7.04 -0.02997
7.045 -0.031731
7.05 -0.033212
7.055 -0.034416
7.06 -0.035323
7.065 -0.035923
7.07 -0.03626
7.075 -0.036396
7.08 -0.036335
7.085 -0.036049
7.09 -0.035547
7.095 -0.034896
7.1 -0.034185
7.105 -0.03349
7.11 -0.032842
7.115 -0.032246
7.12 -0.031726
7.125 -0.031282
7.13 -0.03082
7.135 -0.030211
7.14 -0.029381
7.145 -0.028372
7.15 -0.027276
7.155 -0.026158
7.16 -0.025025
7.165 -0.02385
7.17 -0.022613
7.175 -0.021288
7.18 -0.019849
7.185 -0.018303
7.19 -0.016714
7.195 -0.015176
7.2 -0.013738
7.205 -0.01238
7.21 -0.011091
7.215 -0.0099175
7.22 -0.0089586
7.225 -0.00831
7.23 -0.0080108
7.235 -0.0081074
7.24 -0.0086844
7.245 -0.0098128
7.25 -0.011517
7.255 -0.01375
7.26 -0.016453
7.265 -0.019631
7.27 -0.023324
7.275 -0.027512
7.28 -0.032105
7.285 -0.03703
7.29 -0.042236
7.295 -0.047643
7.3 -0.053146
7.305 -0.058664
7.31 -0.064133
7.315 -0.069483
7.32 -0.074616
7.325 -0.079434
7.33 -0.083861
7.335 -0.087792
7.34 -0.09108
7.345 -0.093566
7.35 -0.095122
7.355 -0.095731
7.36 -0.095549
7.365 -0.094909
7.37 -0.094218
7.375 -0.093761
7.38 -0.093637
7.385 -0.09384
7.39 -0.094328
7.395 -0.094984
7.4 -0.09563
7.405 -0.096132
7.41 -0.096455
7.415 -0.096669
7.42 -0.096896
7.425 -0.09723
7.43 -0.097712
7.435 -0.098363
7.44 -0.099214
7.445 -0.1003
7.45 -0.10164
7.455 -0.10316
7.46 -0.10477
7.465 -0.10636
7.47 -0.10776
7.475 -0.10879
7.48 -0.10925
7.485 -0.10902
7.49 -0.10808
7.495 -0.10648
7.5 -0.1043
7.505 -0.10169
7.51 -0.098746
7.515 -0.095544
7.52 -0.092156
7.525 -0.088626
7.53 -0.084959
7.535 -0.081174
7.54 -0.07733
7.545 -0.073495
7.55 -0.06974
7.555 -0.06613
7.56 -0.062734
7.565 -0.059627
7.57 -0.05687
7.575 -0.054518
7.58 -0.052588
7.585 -0.051042
7.59 -0.049815
7.595 -0.048829
7.6 -0.047972
7.605 -0.047125
7.61 -0.046206
7.615 -0.045193
7.62 -0.044108
7.625 -0.042959
7.63 -0.04174
7.635 -0.040497
7.64 -0.039318
7.645 -0.038284
7.65 -0.037491
7.655 -0.037069
7.66 -0.037124
7.665 -0.03767
7.67 -0.038655
7.675 -0.040004
7.68 -0.041596
7.685 -0.043289
7.69 -0.044955
7.695 -0.046475
7.7 -0.047745
7.705 -0.048706
7.71 -0.049339
7.715 -0.049646
7.72 -0.049637
7.725 -0.04933
7.73 -0.048766
7.735 -0.047993
7.74 -0.046974
7.745 -0.04557
7.75 -0.043685
7.755 -0.041364
7.76 -0.038699
7.765 -0.035736
7.77 -0.032526
7.775 -0.029162
7.78 -0.025748
7.785 -0.022367
7.79 -0.019055
7.795 -0.015778
7.8 -0.012456
7.805 -0.0090343
7.81 -0.0055244
7.815 -0.001961
7.82 0.0016532
7.825 0.005351
7.83 0.0091613
7.835 0.013073
7.84 0.017061
7.845 0.021093
7.85 0.025064
7.855 0.028808
7.86 0.032178
7.865 0.035083
7.87 0.037482
7.875 0.039374
7.88 0.040803
7.885 0.041881
7.89 0.042737
7.895 0.043459
7.9 0.044119
7.905 0.044787
7.91 0.045533
7.915 0.046413
7.92 0.04748
7.925 0.048792
7.93 0.050385
7.935 0.052247
7.94 0.054322
7.945 0.056535
7.95 0.058802
7.955 0.061027
7.96 0.063168
7.965 0.065232
7.97 0.06719
7.975 0.068964
7.98 0.070515
7.985 0.071861
7.99 0.072996
7.995 0.073845
8 0.074322
8.005 0.074379
8.01 0.074032
8.015 0.073333
8.02 0.072289
8.025 0.070876
8.03 0.069136
8.035 0.067145
8.04 0.064923
8.045 0.062452
8.05 0.059712
8.055 0.056682
8.06 0.053338
8.065 0.049706
8.07 0.045927
8.075 0.042175
8.08 0.038574
8.085 0.035242
8.09 0.032302
8.095 0.029826
8.1 0.027809
8.105 0.026186
8.11 0.024881
8.115 0.02381
8.12 0.022859
8.125 0.021921
8.13 0.020956
8.135 0.019959
8.14 0.018931
8.145 0.017888
8.15 0.016834
8.155 0.015756
8.16 0.014674
8.165 0.013677
8.17 0.012875
8.175 0.012326
8.18 0.012015
8.185 0.011883
8.19 0.011833
8.195 0.011734
8.2 0.011458
8.205 0.010941
8.21 0.010208
8.215 0.0093265
8.22 0.0083421
8.225 0.0072812
8.23 0.0061841
8.235 0.0050637
8.24 0.0038814
8.245 0.0025805
8.25 0.0011103
8.255 -0.00055293
8.26 -0.0023553
8.265 -0.0041328
8.27 -0.0056878
8.275 -0.0068523
8.28 -0.0074725
8.285 -0.007476
8.29 -0.0069171
8.295 -0.0058858
8.3 -0.0044496
8.305 -0.0026884
8.31 -0.00068171
8.315 0.0015216
8.32 0.0038988
8.325 0.0064757
8.33 0.0093016
8.335 0.012392
8.34 0.015718
8.345 0.019231
8.35 0.022861
8.355 0.02651
8.36 0.03005
8.365 0.033355
8.37 0.036353
8.375 0.039007
8.38 0.041316
8.385 0.043298
8.39 0.044927
8.395 0.046125
8.4 0.0468
8.405 0.046877
8.41 0.04631
8.415 0.045085
8.42 0.043252
8.425 0.040933
8.43 0.038263
8.435 0.035356
8.44 0.032316
8.445 0.029204
8.45 0.026006
8.455 0.02268
8.46 0.01922
8.465 0.015641
8.47 0.011954
8.475 0.0081931
8.48 0.0044145
8.485 0.00065172
8.49 -0.0030917
8.495 -0.0068017
8.5 -0.010463
8.505 -0.014097
8.51 -0.017739
8.515 -0.021393
8.52 -0.025026
8.525 -0.028574
8.53 -0.031984
8.535 -0.035241
8.54 -0.038328
8.545 -0.041195
8.55 -0.04382
8.555 -0.046265
8.56 -0.048616
8.565 -0.050914
8.57 -0.053166
8.575 -0.055385
8.58 -0.057598
8.585 -0.059835
8.59 -0.06211
8.595 -0.064426
8.6 -0.066815
8.605 -0.069309
8.61 -0.071896
8.615 -0.074536
8.62 -0.077177
8.625 -0.079764
8.63 -0.082269
8.635 -0.084707
8.64 -0.08709
8.645 -0.089414
8.65 -0.091675
8.655 -0.093908
8.66 -0.096146
8.665 -0.098371
8.67 -0.10054
8.675 -0.10262
8.68 -0.10453
8.685 -0.10618
8.69 -0.10749
8.695 -0.10835
8.7 -0.1087
8.705 -0.10852
8.71 -0.10783
8.715 -0.10673
8.72 -0.10533
8.725 -0.1037
8.73 -0.10184
8.735 -0.099687
8.74 -0.097217
8.745 -0.094403
8.75 -0.091262
8.755 -0.087856
8.76 -0.084253
8.765 -0.080527
8.77 -0.076783
8.775 -0.073117
8.78 -0.069583
8.785 -0.066212
8.79 -0.063019
8.795 -0.059997
8.8 -0.057133
8.805 -0.054439
8.81 -0.051922
8.815 -0.049538
8.82 -0.047232
8.825 -0.045017
8.83 -0.042962
8.835 -0.041159
8.84 -0.039719
8.845 -0.038735
8.85 -0.038252
8.855 -0.038271
8.86 -0.038756
8.865 -0.039618
8.87 -0.040733
8.875 -0.041976
8.88 -0.043232
8.885 -0.044413
8.89 -0.045478
8.895 -0.04642
8.9 -0.047243
8.905 -0.047942
8.91 -0.048509
8.915 -0.048956
8.92 -0.049321
8.925 -0.049649
8.93 -0.049969
8.935 -0.050293
8.94 -0.050607
8.945 -0.050891
8.95 -0.05114
8.955 -0.051394
8.96 -0.0517
8.965 -0.052063
8.97 -0.052481
8.975 -0.052958
8.98 -0.053495
8.985 -0.054053
8.99 -0.054555
8.995 -0.054916
9 -0.055046
9.005 -0.054826
9.01 -0.054132
9.015 -0.052916
9.02 -0.051266
9.025 -0.049326
9.03 -0.047171
9.035 -0.044799
9.04 -0.042218
9.045 -0.039473
9.05 -0.036605
9.055 -0.033632
9.06 -0.03056
9.065 -0.027393
9.07 -0.024176
9.075 -0.020962
9.08 -0.017767
9.085 -0.014583
9.09 -0.011448
9.095 -0.0084327
9.1 -0.0055647
9.105 -0.0028447
9.11 -0.00027896
9.115 0.0021395
9.12 0.0044247
9.125 0.0065895
9.13 0.0086571
9.135 0.010655
9.14 0.012618
9.145 0.014626
9.15 0.016749
9.155 0.018963
9.16 0.021196
9.165 0.023402
9.17 0.025556
9.175 0.027616
9.18 0.029517
9.185 0.03122
9.19 0.032758
9.195 0.034193
9.2 0.035578
9.205 0.036959
9.21 0.038358
9.215 0.039732
9.22 0.04099
9.225 0.042029
9.23 0.042739
9.235 0.043029
9.24 0.042852
9.245 0.042255
9.25 0.041379
9.255 0.040372
9.26 0.039316
9.265 0.03824
9.27 0.037145
9.275 0.036042
9.28 0.034959
9.285 0.033903
9.29 0.032868
9.295 0.031878
9.3 0.030985
9.305 0.030268
9.31 0.029788
9.315 0.029537
9.32 0.029467
9.325 0.029524
9.33 0.029646
9.335 0.029763
9.34 0.029837
9.345 0.029892
9.35 0.02995
9.355 0.029993
9.36 0.029991
9.365 0.029912
9.37 0.029705
9.375 0.029309
9.38 0.02871
9.385 0.027955
9.39 0.027123
9.395 0.026279
9.4 0.025476
9.405 0.024763
9.41 0.024191
9.415 0.023804
9.42 0.023624
9.425 0.023659
9.43 0.023925
9.435 0.024412
9.44 0.025081
9.445 0.025922
9.45 0.026926
9.455 0.02802
9.46 0.029095
9.465 0.030053
9.47 0.030829
9.475 0.031412
9.48 0.031851
9.485 0.032215
9.49 0.032543
9.495 0.032846
9.5 0.033122
9.505 0.033332
9.51 0.033398
9.515 0.03327
9.52 0.032944
9.525 0.032443
9.53 0.031839
9.535 0.031241
9.54 0.030733
9.545 0.030371
9.55 0.0302
9.555 0.030232
9.56 0.030459
9.565 0.030878
9.57 0.031509
9.575 0.032373
9.58 0.033467
9.585 0.03478
9.59 0.036273
9.595 0.037923
9.6 0.039762
9.605 0.041806
9.61 0.044017
9.615 0.046336
9.62 0.048708
9.625 0.051104
9.63 0.053529
9.635 0.055985
9.64 0.05846
9.645 0.060964
9.65 0.063527
9.655 0.066101
9.66 0.068565
9.665 0.07083
9.67 0.072868
9.675 0.074666
9.68 0.0762
9.685 0.077429
9.69 0.078294
9.695 0.078745
9.7 0.078749
9.705 0.078277
9.71 0.07731
9.715 0.075862
9.72 0.074025
9.725 0.071955
9.73 0.069804
9.735 0.067699
9.74 0.065738
9.745 0.063975
9.75 0.062446
9.755 0.061174
9.76 0.06017
9.765 0.059428
9.77 0.058904
9.775 0.058499
9.78 0.058086
9.785 0.057551
9.79 0.056821
9.795 0.055898
9.8 0.054841
9.805 0.053682
9.81 0.052409
9.815 0.051011
9.82 0.049505
9.825 0.047925
9.83 0.046282
9.835 0.04456
9.84 0.042773
9.845 0.040963
9.85 0.039193
9.855 0.037534
9.86 0.036065
9.865 0.034853
9.87 0.033883
9.875 0.033076
9.88 0.032368
9.885 0.0317
9.89 0.031
9.895 0.030228
9.9 0.029381
9.905 0.028453
9.91 0.027442
9.915 0.026366
9.92 0.025266
9.925 0.024192
9.93 0.023224
9.935 0.022479
9.94 0.02208
9.945 0.022124
9.95 0.022682
9.955 0.02379
9.96 0.025471
9.965 0.027725
9.97 0.030514
9.975 0.033797
9.98 0.03751
9.985 0.041544
9.99 0.045795
9.995 0.050181
